$ANSIBLE_VAULT;1.1;AES256
65393837353232626431636661653264383739313339313533643561613161626633636136363264
6532336631393637646332366166393836323634343564390a393465386331626333636165623330
65386564353537376663393864343564346262653461346466393361353365353530373739633634
3935653463323566330a636638323463343664613061356232353433633337653962303131636463
63306237393866386434336232626234386632313330333538333361623263656336316562373364
33323062646463663830636539653231626534326435383564323861316531616138616365343237
62373162333230613138373033303831343363316332666331343235373362383439336266316562
65393936373439636638663766613334666332316533656461333930323966656463613863643438
62383535393930343835383966326231323939316139363431666431643338343464346532313366
39623333316162633634306564393630386534633839323830393465666235316134663861383537
62653431326134336331383835663132386365616431346335353236613039643336386239313466
32303461623739373539653164393061383839383831396163313265656165343133646463616566
32626264343039393566663930386663663534633564313562616135303165646537383066353463
65616234613738363832323864356466373834303863633534396134363635636539643364333235
34306532383935666232643061313737376163333038626539383261333435623766653932613332
62386464613561303830653835326535333266366633666131373666343562336530386137306135
66623334643036356134626466623563373832373666653065633665306230316237313365653735
6262346231393539373937396165396336653661333537373237
